|======================================================================================================================|
|  Epoch  |  Iteration  |  Time Elapsed  |  Mini-batch  |  Validation  |  Mini-batch  |  Validation  |  Base Learning  |
|         |             |   (hh:mm:ss)   |     RMSE     |     RMSE     |     Loss     |     Loss     |      Rate       |
|======================================================================================================================|
|       1 |           1 |       00:03:22 |        12.36 |        11.89 |      76.4227 |      70.7085 |      1.0000e-04 |
|       1 |          50 |       00:08:47 |         1.46 |         1.55 |       1.0672 |       1.2008 |      1.0000e-04 |
|       1 |         100 |       00:14:11 |         1.18 |         1.19 |       0.6925 |       0.7085 |      1.0000e-04 |
|       1 |         150 |       00:19:37 |         1.00 |         1.09 |       0.4978 |       0.5902 |      1.0000e-04 |
|       1 |         200 |       00:25:01 |         0.99 |         1.03 |       0.4854 |       0.5332 |      1.0000e-04 |
|       1 |         250 |       00:30:25 |         1.07 |         0.99 |       0.5675 |       0.4888 |      1.0000e-04 |
|       1 |         300 |       00:35:50 |         1.00 |         0.96 |       0.4998 |       0.4601 |      1.0000e-04 |
|       1 |         350 |       00:41:13 |         0.94 |         0.94 |       0.4419 |       0.4429 |      1.0000e-04 |
|       1 |         400 |       00:46:29 |         0.81 |         0.93 |       0.3305 |       0.4330 |      1.0000e-04 |
|       2 |         450 |       00:51:46 |         0.84 |         0.91 |       0.3511 |       0.4156 |      1.0000e-04 |
|       2 |         500 |       00:57:07 |         0.75 |         0.90 |       0.2816 |       0.4027 |      1.0000e-04 |
|       2 |         550 |       01:02:33 |         0.77 |         0.89 |       0.2962 |       0.3954 |      1.0000e-04 |
|       2 |         600 |       01:07:49 |         0.83 |         0.87 |       0.3465 |       0.3825 |      1.0000e-04 |
|       2 |         650 |       01:13:04 |         0.76 |         0.87 |       0.2853 |       0.3790 |      1.0000e-04 |
|       2 |         700 |       01:18:22 |         0.77 |         0.86 |       0.2977 |       0.3671 |      1.0000e-04 |
|       2 |         750 |       01:23:41 |         0.74 |         0.85 |       0.2727 |       0.3634 |      1.0000e-04 |
|       2 |         800 |       01:28:58 |         0.76 |         0.85 |       0.2859 |       0.3593 |      1.0000e-04 |
|       2 |         850 |       01:34:14 |         0.71 |         0.84 |       0.2544 |       0.3550 |      1.0000e-04 |
|       3 |         900 |       01:39:34 |         0.90 |         0.84 |       0.4053 |       0.3505 |      1.0000e-04 |
|       3 |         950 |       01:44:55 |         0.75 |         0.83 |       0.2827 |       0.3455 |      1.0000e-04 |
|       3 |        1000 |       01:50:12 |         0.75 |         0.83 |       0.2832 |       0.3416 |      1.0000e-04 |
|       3 |        1050 |       01:55:30 |         0.69 |         0.83 |       0.2413 |       0.3430 |      1.0000e-04 |
|       3 |        1100 |       02:00:49 |         0.79 |         0.82 |       0.3156 |       0.3339 |      1.0000e-04 |
|       3 |        1150 |       02:06:07 |         0.75 |         0.81 |       0.2831 |       0.3271 |      1.0000e-04 |
|       3 |        1200 |       02:11:24 |         0.72 |         0.80 |       0.2614 |       0.3234 |      1.0000e-04 |
|       3 |        1250 |       02:16:38 |         0.81 |         0.80 |       0.3242 |       0.3176 |      1.0000e-04 |
|       3 |        1300 |       02:21:53 |         0.66 |         0.80 |       0.2147 |       0.3203 |      1.0000e-04 |
|       4 |        1350 |       02:27:11 |         0.68 |         0.79 |       0.2322 |       0.3115 |      1.0000e-04 |
|       4 |        1400 |       02:32:28 |         0.71 |         0.79 |       0.2514 |       0.3139 |      1.0000e-04 |
|       4 |        1450 |       02:37:46 |         0.85 |         0.79 |       0.3596 |       0.3154 |      1.0000e-04 |
|       4 |        1500 |       02:43:03 |         0.97 |         0.79 |       0.4684 |       0.3096 |      1.0000e-04 |
|       4 |        1550 |       02:48:28 |         0.70 |         0.78 |       0.2433 |       0.3030 |      1.0000e-04 |
|       4 |        1600 |       02:53:47 |         0.71 |         0.78 |       0.2507 |       0.3007 |      1.0000e-04 |
|       4 |        1650 |       02:59:02 |         0.73 |         0.78 |       0.2678 |       0.3008 |      1.0000e-04 |
|       4 |        1700 |       03:04:17 |         0.65 |         0.77 |       0.2091 |       0.2961 |      1.0000e-04 |
|       5 |        1750 |       03:09:34 |         0.78 |         0.77 |       0.3032 |       0.2951 |      1.0000e-04 |
|       5 |        1800 |       03:14:52 |         0.66 |         0.77 |       0.2159 |       0.2952 |      1.0000e-04 |
|       5 |        1850 |       03:20:10 |         0.89 |         0.76 |       0.3946 |       0.2923 |      1.0000e-04 |
|       5 |        1900 |       03:25:28 |         0.64 |         0.76 |       0.2043 |       0.2868 |      1.0000e-04 |
|       5 |        1950 |       03:30:47 |         0.70 |         0.76 |       0.2472 |       0.2880 |      1.0000e-04 |
|       5 |        2000 |       03:36:06 |         0.68 |         0.76 |       0.2329 |       0.2879 |      1.0000e-04 |
|       5 |        2050 |       03:41:21 |         0.71 |         0.75 |       0.2510 |       0.2799 |      1.0000e-04 |
|       5 |        2100 |       03:46:37 |         0.74 |         0.75 |       0.2746 |       0.2839 |      1.0000e-04 |
|       5 |        2150 |       03:51:55 |         0.74 |         0.74 |       0.2732 |       0.2724 |      1.0000e-04 |
|       6 |        2200 |       03:57:15 |         0.80 |         0.75 |       0.3230 |       0.2786 |      1.0000e-04 |
|       6 |        2250 |       04:02:33 |         0.61 |         0.73 |       0.1841 |       0.2682 |      1.0000e-04 |
|       6 |        2300 |       04:07:47 |         0.60 |         0.73 |       0.1822 |       0.2686 |      1.0000e-04 |
|       6 |        2350 |       04:13:02 |         0.79 |         0.73 |       0.3134 |       0.2647 |      1.0000e-04 |
|       6 |        2400 |       04:18:19 |         0.65 |         0.73 |       0.2134 |       0.2663 |      1.0000e-04 |
|       6 |        2450 |       04:23:34 |         0.70 |         0.73 |       0.2420 |       0.2687 |      1.0000e-04 |
|       6 |        2500 |       04:28:49 |         0.64 |         0.73 |       0.2044 |       0.2638 |      1.0000e-04 |
|       6 |        2550 |       04:34:04 |         0.69 |         0.72 |       0.2411 |       0.2594 |      1.0000e-04 |
|       6 |        2600 |       04:39:19 |         0.61 |         0.72 |       0.1884 |       0.2606 |      1.0000e-04 |
|       7 |        2650 |       04:44:34 |         0.65 |         0.72 |       0.2127 |       0.2563 |      1.0000e-04 |
|       7 |        2700 |       04:49:46 |         0.75 |         0.71 |       0.2829 |       0.2548 |      1.0000e-04 |
|       7 |        2750 |       04:55:02 |         0.63 |         0.72 |       0.1995 |       0.2604 |      1.0000e-04 |
|       7 |        2800 |       05:00:19 |         0.55 |         0.71 |       0.1506 |       0.2504 |      1.0000e-04 |
|       7 |        2850 |       05:05:39 |         0.76 |         0.71 |       0.2858 |       0.2489 |      1.0000e-04 |
|       7 |        2900 |       05:10:58 |         0.60 |         0.71 |       0.1811 |       0.2529 |      1.0000e-04 |
|       7 |        2950 |       05:16:14 |         0.64 |         0.71 |       0.2047 |       0.2487 |      1.0000e-04 |
|       7 |        3000 |       05:21:30 |         0.69 |         0.70 |       0.2350 |       0.2449 |      1.0000e-04 |
|       8 |        3050 |       05:26:46 |         0.62 |         0.70 |       0.1905 |       0.2449 |      1.0000e-04 |
|       8 |        3100 |       05:32:01 |         0.73 |         0.71 |       0.2677 |       0.2521 |      1.0000e-04 |
|       8 |        3150 |       05:37:19 |         0.60 |         0.69 |       0.1798 |       0.2412 |      1.0000e-04 |
|       8 |        3200 |       05:42:35 |         0.57 |         0.69 |       0.1639 |       0.2407 |      1.0000e-04 |
|       8 |        3250 |       05:47:52 |         0.57 |         0.69 |       0.1638 |       0.2402 |      1.0000e-04 |
|       8 |        3300 |       05:53:06 |         0.62 |         0.69 |       0.1895 |       0.2358 |      1.0000e-04 |
|       8 |        3350 |       05:58:21 |         0.70 |         0.69 |       0.2432 |       0.2374 |      1.0000e-04 |
|       8 |        3400 |       06:03:36 |         0.67 |         0.68 |       0.2224 |       0.2344 |      1.0000e-04 |
|       8 |        3450 |       06:08:51 |         0.66 |         0.69 |       0.2172 |       0.2351 |      1.0000e-04 |
|       9 |        3500 |       06:14:12 |         0.68 |         0.68 |       0.2330 |       0.2295 |      1.0000e-04 |
|       9 |        3550 |       06:19:26 |         0.57 |         0.68 |       0.1633 |       0.2310 |      1.0000e-04 |
|       9 |        3600 |       06:24:41 |         0.59 |         0.68 |       0.1733 |       0.2297 |      1.0000e-04 |
|       9 |        3650 |       06:29:57 |         0.71 |         0.67 |       0.2544 |       0.2250 |      1.0000e-04 |
|       9 |        3700 |       06:35:17 |         0.68 |         0.67 |       0.2339 |       0.2226 |      1.0000e-04 |
|       9 |        3750 |       06:40:35 |         0.78 |         0.67 |       0.3061 |       0.2232 |      1.0000e-04 |
|       9 |        3800 |       06:45:53 |         0.63 |         0.67 |       0.1993 |       0.2220 |      1.0000e-04 |
|       9 |        3850 |       06:51:08 |         0.56 |         0.67 |       0.1558 |       0.2240 |      1.0000e-04 |
|       9 |        3900 |       06:56:25 |         0.68 |         0.66 |       0.2315 |       0.2189 |      1.0000e-04 |
|      10 |        3950 |       07:01:41 |         0.64 |         0.66 |       0.2050 |       0.2190 |      1.0000e-04 |
|      10 |        4000 |       07:06:57 |         0.58 |         0.65 |       0.1703 |       0.2126 |      1.0000e-04 |
|      10 |        4050 |       07:12:14 |         0.64 |         0.66 |       0.2072 |       0.2180 |      1.0000e-04 |
|      10 |        4100 |       07:17:33 |         0.65 |         0.66 |       0.2137 |       0.2197 |      1.0000e-04 |
|      10 |        4150 |       07:22:49 |         0.59 |         0.66 |       0.1725 |       0.2158 |      1.0000e-04 |
|      10 |        4200 |       07:28:05 |         0.51 |         0.65 |       0.1301 |       0.2129 |      1.0000e-04 |
|      10 |        4250 |       07:33:23 |         0.89 |         0.65 |       0.4003 |       0.2137 |      1.0000e-04 |
|      10 |        4300 |       07:38:41 |         0.63 |         0.65 |       0.1977 |       0.2083 |      1.0000e-04 |
|      10 |        4350 |       07:43:58 |         0.56 |         0.64 |       0.1559 |       0.2063 |      1.0000e-04 |
|      11 |        4400 |       07:49:13 |         0.66 |         0.65 |       0.2176 |       0.2097 |      1.0000e-04 |
|      11 |        4450 |       07:54:28 |         0.65 |         0.64 |       0.2139 |       0.2071 |      1.0000e-04 |
|      11 |        4500 |       07:59:43 |         0.63 |         0.65 |       0.1985 |       0.2117 |      1.0000e-04 |
|      11 |        4550 |       08:04:59 |         0.54 |         0.64 |       0.1460 |       0.2058 |      1.0000e-04 |
|      11 |        4600 |       08:10:15 |         0.53 |         0.64 |       0.1428 |       0.2035 |      1.0000e-04 |
|      11 |        4650 |       08:15:34 |         0.68 |         0.63 |       0.2293 |       0.1991 |      1.0000e-04 |
|      11 |        4700 |       08:20:51 |         0.63 |         0.64 |       0.1976 |       0.2020 |      1.0000e-04 |
|      11 |        4750 |       08:26:09 |         0.61 |         0.64 |       0.1876 |       0.2024 |      1.0000e-04 |
|      12 |        4800 |       08:31:29 |         0.56 |         0.64 |       0.1568 |       0.2033 |      1.0000e-04 |
|      12 |        4850 |       08:36:48 |         0.57 |         0.64 |       0.1599 |       0.2071 |      1.0000e-04 |
|      12 |        4900 |       08:42:03 |         0.55 |         0.62 |       0.1533 |       0.1951 |      1.0000e-04 |
|      12 |        4950 |       08:47:19 |         0.82 |         0.62 |       0.3386 |       0.1939 |      1.0000e-04 |
|      12 |        5000 |       08:52:36 |         0.59 |         0.63 |       0.1747 |       0.2001 |      1.0000e-04 |
|      12 |        5050 |       08:57:52 |         0.49 |         0.62 |       0.1197 |       0.1901 |      1.0000e-04 |
|      12 |        5100 |       09:03:10 |         0.57 |         0.62 |       0.1626 |       0.1904 |      1.0000e-04 |
|      12 |        5150 |       09:08:29 |         0.57 |         0.62 |       0.1602 |       0.1911 |      1.0000e-04 |
|      12 |        5200 |       09:13:49 |         0.58 |         0.63 |       0.1677 |       0.1954 |      1.0000e-04 |
|      13 |        5250 |       09:19:07 |         0.66 |         0.61 |       0.2163 |       0.1876 |      1.0000e-04 |
|      13 |        5300 |       09:24:22 |         0.59 |         0.62 |       0.1720 |       0.1935 |      1.0000e-04 |
|      13 |        5350 |       09:29:38 |         0.63 |         0.61 |       0.1955 |       0.1881 |      1.0000e-04 |
|      13 |        5400 |       09:34:56 |         0.57 |         0.61 |       0.1629 |       0.1862 |      1.0000e-04 |
|      13 |        5450 |       09:40:13 |         0.61 |         0.62 |       0.1838 |       0.1943 |      1.0000e-04 |
|      13 |        5500 |       09:45:27 |         0.57 |         0.60 |       0.1606 |       0.1815 |      1.0000e-04 |
|      13 |        5550 |       09:50:40 |         0.56 |         0.60 |       0.1588 |       0.1821 |      1.0000e-04 |
|      13 |        5600 |       09:55:54 |         0.60 |         0.60 |       0.1811 |       0.1805 |      1.0000e-04 |
|      13 |        5650 |       10:01:12 |         0.60 |         0.61 |       0.1775 |       0.1835 |      1.0000e-04 |
|      14 |        5700 |       10:06:31 |         0.70 |         0.60 |       0.2425 |       0.1789 |      1.0000e-04 |
|      14 |        5750 |       10:11:47 |         0.60 |         0.60 |       0.1772 |       0.1791 |      1.0000e-04 |
|      14 |        5800 |       10:17:03 |         0.59 |         0.60 |       0.1714 |       0.1777 |      1.0000e-04 |
|      14 |        5850 |       10:22:18 |         0.56 |         0.60 |       0.1585 |       0.1781 |      1.0000e-04 |
|      14 |        5900 |       10:27:36 |         0.55 |         0.61 |       0.1494 |       0.1866 |      1.0000e-04 |
|      14 |        5950 |       10:32:52 |         0.54 |         0.60 |       0.1431 |       0.1795 |      1.0000e-04 |
|      14 |        6000 |       10:38:13 |         0.58 |         0.59 |       0.1686 |       0.1748 |      1.0000e-04 |
|      14 |        6050 |       10:43:28 |         0.46 |         0.60 |       0.1072 |       0.1779 |      1.0000e-04 |
|      15 |        6100 |       10:48:42 |         0.54 |         0.59 |       0.1431 |       0.1764 |      1.0000e-04 |
|      15 |        6150 |       10:54:02 |         0.57 |         0.59 |       0.1608 |       0.1740 |      1.0000e-04 |
|      15 |        6200 |       10:59:16 |         0.56 |         0.60 |       0.1562 |       0.1797 |      1.0000e-04 |
|      15 |        6250 |       11:04:33 |         0.56 |         0.59 |       0.1568 |       0.1727 |      1.0000e-04 |
|      15 |        6300 |       11:09:50 |         0.51 |         0.59 |       0.1288 |       0.1714 |      1.0000e-04 |
|      15 |        6350 |       11:15:06 |         0.60 |         0.58 |       0.1796 |       0.1705 |      1.0000e-04 |
|      15 |        6400 |       11:20:19 |         0.53 |         0.58 |       0.1431 |       0.1694 |      1.0000e-04 |
|      15 |        6450 |       11:25:34 |         0.58 |         0.58 |       0.1662 |       0.1698 |      1.0000e-04 |
|      15 |        6500 |       11:30:49 |         0.61 |         0.59 |       0.1844 |       0.1734 |      1.0000e-04 |
|      16 |        6550 |       11:36:04 |         0.52 |         0.58 |       0.1356 |       0.1708 |      1.0000e-04 |
|      16 |        6600 |       11:41:17 |         0.54 |         0.58 |       0.1461 |       0.1700 |      1.0000e-04 |
|      16 |        6650 |       11:46:41 |         0.51 |         0.59 |       0.1293 |       0.1744 |      1.0000e-04 |
|      16 |        6700 |       11:51:58 |         0.60 |         0.58 |       0.1785 |       0.1664 |      1.0000e-04 |
|      16 |        6750 |       11:57:17 |         0.54 |         0.57 |       0.1471 |       0.1635 |      1.0000e-04 |
|      16 |        6800 |       12:02:33 |         0.61 |         0.58 |       0.1847 |       0.1686 |      1.0000e-04 |
|      16 |        6850 |       12:07:48 |         0.58 |         0.57 |       0.1672 |       0.1643 |      1.0000e-04 |
|      16 |        6900 |       12:13:10 |         0.51 |         0.58 |       0.1299 |       0.1682 |      1.0000e-04 |
|      16 |        6950 |       12:18:25 |         0.58 |         0.57 |       0.1658 |       0.1609 |      1.0000e-04 |
|      17 |        7000 |       12:23:40 |         0.56 |         0.57 |       0.1591 |       0.1627 |      1.0000e-04 |
|      17 |        7050 |       12:28:56 |         0.51 |         0.58 |       0.1284 |       0.1682 |      1.0000e-04 |
|      17 |        7100 |       12:34:15 |         0.48 |         0.57 |       0.1145 |       0.1607 |      1.0000e-04 |
|      17 |        7150 |       12:39:30 |         0.55 |         0.57 |       0.1512 |       0.1621 |      1.0000e-04 |
|      17 |        7200 |       12:44:46 |         0.53 |         0.57 |       0.1379 |       0.1626 |      1.0000e-04 |
|      17 |        7250 |       12:50:03 |         0.53 |         0.57 |       0.1390 |       0.1615 |      1.0000e-04 |
|      17 |        7300 |       12:55:20 |         0.56 |         0.56 |       0.1561 |       0.1571 |      1.0000e-04 |
|      17 |        7350 |       13:00:34 |         0.53 |         0.58 |       0.1394 |       0.1679 |      1.0000e-04 |
|      18 |        7400 |       13:05:48 |         0.70 |         0.57 |       0.2468 |       0.1620 |      1.0000e-04 |
|      18 |        7450 |       13:11:02 |         0.59 |         0.57 |       0.1723 |       0.1621 |      1.0000e-04 |
|      18 |        7500 |       13:16:21 |         0.47 |         0.56 |       0.1101 |       0.1574 |      1.0000e-04 |
|      18 |        7550 |       13:21:39 |         0.50 |         0.55 |       0.1264 |       0.1538 |      1.0000e-04 |
|      18 |        7600 |       13:27:03 |         0.57 |         0.56 |       0.1631 |       0.1549 |      1.0000e-04 |
|      18 |        7650 |       13:32:18 |         0.52 |         0.57 |       0.1341 |       0.1622 |      1.0000e-04 |
|      18 |        7700 |       13:37:34 |         0.55 |         0.57 |       0.1539 |       0.1610 |      1.0000e-04 |
|      18 |        7750 |       13:42:51 |         0.52 |         0.57 |       0.1337 |       0.1613 |      1.0000e-04 |
|      18 |        7800 |       13:48:08 |         0.58 |         0.56 |       0.1711 |       0.1580 |      1.0000e-04 |
|      19 |        7850 |       13:53:26 |         0.52 |         0.55 |       0.1358 |       0.1529 |      1.0000e-04 |
|      19 |        7900 |       13:58:47 |         0.54 |         0.55 |       0.1452 |       0.1526 |      1.0000e-04 |
|      19 |        7950 |       14:04:04 |         0.52 |         0.55 |       0.1372 |       0.1526 |      1.0000e-04 |
|      19 |        8000 |       14:09:24 |         0.53 |         0.55 |       0.1426 |       0.1511 |      1.0000e-04 |
|      19 |        8050 |       14:14:43 |         0.56 |         0.55 |       0.1558 |       0.1506 |      1.0000e-04 |
|      19 |        8100 |       14:20:00 |         0.56 |         0.55 |       0.1586 |       0.1523 |      1.0000e-04 |
|      19 |        8150 |       14:25:23 |         0.53 |         0.56 |       0.1421 |       0.1585 |      1.0000e-04 |
|      19 |        8200 |       14:30:43 |         0.53 |         0.55 |       0.1390 |       0.1504 |      1.0000e-04 |
|      19 |        8250 |       14:36:02 |         0.55 |         0.55 |       0.1532 |       0.1498 |      1.0000e-04 |
|      20 |        8300 |       14:41:19 |         0.53 |         0.55 |       0.1429 |       0.1539 |      1.0000e-04 |
|      20 |        8350 |       14:46:37 |         0.52 |         0.54 |       0.1367 |       0.1467 |      1.0000e-04 |
|      20 |        8400 |       14:51:52 |         0.59 |         0.55 |       0.1736 |       0.1523 |      1.0000e-04 |
|      20 |        8450 |       14:57:07 |         0.51 |         0.55 |       0.1292 |       0.1501 |      1.0000e-04 |
|      20 |        8500 |       15:02:25 |         0.48 |         0.54 |       0.1175 |       0.1476 |      1.0000e-04 |
|      20 |        8550 |       15:07:46 |         0.50 |         0.54 |       0.1252 |       0.1456 |      1.0000e-04 |
|      20 |        8600 |       15:13:04 |         0.50 |         0.54 |       0.1262 |       0.1466 |      1.0000e-04 |
|      20 |        8650 |       15:18:24 |         0.52 |         0.54 |       0.1376 |       0.1434 |      1.0000e-04 |
|      20 |        8700 |       15:23:43 |         0.55 |         0.54 |       0.1528 |       0.1461 |      1.0000e-04 |
|      21 |        8750 |       15:29:00 |         0.48 |         0.54 |       0.1154 |       0.1462 |      1.0000e-04 |
|      21 |        8800 |       15:34:17 |         0.51 |         0.55 |       0.1322 |       0.1535 |      1.0000e-04 |
|      21 |        8850 |       15:39:39 |         0.50 |         0.54 |       0.1256 |       0.1441 |      1.0000e-04 |
|      21 |        8900 |       15:44:56 |         0.46 |         0.54 |       0.1049 |       0.1438 |      1.0000e-04 |
|      21 |        8950 |       15:50:12 |         0.56 |         0.53 |       0.1565 |       0.1429 |      1.0000e-04 |
|      21 |        9000 |       15:55:30 |         0.50 |         0.54 |       0.1275 |       0.1445 |      1.0000e-04 |
|      21 |        9050 |       16:00:45 |         0.54 |         0.54 |       0.1459 |       0.1436 |      1.0000e-04 |
|      21 |        9100 |       16:06:00 |         0.49 |         0.53 |       0.1221 |       0.1429 |      1.0000e-04 |
|      22 |        9150 |       16:11:17 |         0.51 |         0.55 |       0.1320 |       0.1501 |      1.0000e-04 |
|      22 |        9200 |       16:16:34 |         0.58 |         0.55 |       0.1698 |       0.1487 |      1.0000e-04 |
|      22 |        9250 |       16:21:50 |         0.51 |         0.53 |       0.1322 |       0.1428 |      1.0000e-04 |
|      22 |        9300 |       16:27:09 |         0.55 |         0.54 |       0.1512 |       0.1441 |      1.0000e-04 |
|      22 |        9350 |       16:32:29 |         0.49 |         0.54 |       0.1199 |       0.1437 |      1.0000e-04 |
|      22 |        9400 |       16:37:45 |         0.52 |         0.54 |       0.1371 |       0.1433 |      1.0000e-04 |
|      22 |        9450 |       16:43:01 |         0.48 |         0.54 |       0.1143 |       0.1438 |      1.0000e-04 |
|      22 |        9500 |       16:48:22 |         0.53 |         0.53 |       0.1397 |       0.1428 |      1.0000e-04 |
|      22 |        9550 |       16:53:41 |         0.50 |         0.52 |       0.1274 |       0.1376 |      1.0000e-04 |
|      23 |        9600 |       16:59:01 |         0.53 |         0.53 |       0.1427 |       0.1391 |      1.0000e-04 |
|      23 |        9650 |       17:04:20 |         0.51 |         0.53 |       0.1285 |       0.1382 |      1.0000e-04 |
|      23 |        9700 |       17:09:43 |         0.52 |         0.52 |       0.1371 |       0.1378 |      1.0000e-04 |
|      23 |        9750 |       17:14:58 |         0.58 |         0.53 |       0.1676 |       0.1406 |      1.0000e-04 |
|      23 |        9800 |       17:20:18 |         0.54 |         0.52 |       0.1481 |       0.1368 |      1.0000e-04 |
|      23 |        9850 |       17:25:35 |         0.51 |         0.52 |       0.1299 |       0.1361 |      1.0000e-04 |
|      23 |        9900 |       17:30:52 |         0.48 |         0.52 |       0.1133 |       0.1363 |      1.0000e-04 |
|      23 |        9950 |       17:36:08 |         0.54 |         0.52 |       0.1472 |       0.1362 |      1.0000e-04 |
|      23 |       10000 |       17:41:24 |         0.53 |         0.52 |       0.1428 |       0.1374 |      1.0000e-04 |
|      24 |       10050 |       17:46:41 |         0.50 |         0.53 |       0.1237 |       0.1379 |      1.0000e-04 |
|      24 |       10100 |       17:51:58 |         0.51 |         0.52 |       0.1289 |       0.1339 |      1.0000e-04 |
|      24 |       10150 |       17:57:16 |         0.51 |         0.52 |       0.1298 |       0.1377 |      1.0000e-04 |
|      24 |       10200 |       18:02:32 |         0.45 |         0.51 |       0.0999 |       0.1326 |      1.0000e-04 |
|      24 |       10250 |       18:07:50 |         0.53 |         0.52 |       0.1425 |       0.1346 |      1.0000e-04 |
|      24 |       10300 |       18:13:09 |         0.47 |         0.52 |       0.1124 |       0.1335 |      1.0000e-04 |
|      24 |       10350 |       18:18:26 |         0.52 |         0.52 |       0.1332 |       0.1370 |      1.0000e-04 |
|      24 |       10400 |       18:23:45 |         0.48 |         0.53 |       0.1165 |       0.1401 |      1.0000e-04 |
|      25 |       10450 |       18:29:04 |         0.46 |         0.52 |       0.1050 |       0.1330 |      1.0000e-04 |
|      25 |       10500 |       18:34:22 |         0.50 |         0.51 |       0.1226 |       0.1310 |      1.0000e-04 |
|      25 |       10550 |       18:39:39 |         0.48 |         0.51 |       0.1153 |       0.1313 |      1.0000e-04 |
|      25 |       10600 |       18:45:04 |         0.49 |         0.52 |       0.1220 |       0.1340 |      1.0000e-04 |
|      25 |       10650 |       18:50:26 |         0.48 |         0.51 |       0.1132 |       0.1320 |      1.0000e-04 |
|      25 |       10700 |       18:55:52 |         0.46 |         0.52 |       0.1068 |       0.1334 |      1.0000e-04 |
|      25 |       10750 |       19:01:11 |         0.45 |         0.51 |       0.1016 |       0.1304 |      1.0000e-04 |
|      25 |       10800 |       19:06:26 |         0.51 |         0.52 |       0.1313 |       0.1373 |      1.0000e-04 |
|      25 |       10850 |       19:11:43 |         0.53 |         0.52 |       0.1410 |       0.1339 |      1.0000e-04 |
|      26 |       10900 |       19:17:00 |         0.45 |         0.51 |       0.1002 |       0.1302 |      1.0000e-04 |
|      26 |       10950 |       19:22:21 |         0.56 |         0.51 |       0.1569 |       0.1299 |      1.0000e-04 |
|      26 |       11000 |       19:27:39 |         0.49 |         0.51 |       0.1207 |       0.1302 |      1.0000e-04 |
|      26 |       11050 |       19:32:57 |         0.52 |         0.50 |       0.1375 |       0.1274 |      1.0000e-04 |
|      26 |       11100 |       19:38:14 |         0.55 |         0.52 |       0.1498 |       0.1340 |      1.0000e-04 |
|      26 |       11150 |       19:43:32 |         0.53 |         0.51 |       0.1382 |       0.1300 |      1.0000e-04 |
|      26 |       11200 |       19:48:50 |         0.49 |         0.50 |       0.1207 |       0.1269 |      1.0000e-04 |
|      26 |       11250 |       19:54:09 |         0.47 |         0.52 |       0.1107 |       0.1339 |      1.0000e-04 |
|      26 |       11300 |       19:59:26 |         0.47 |         0.51 |       0.1108 |       0.1315 |      1.0000e-04 |
|      27 |       11350 |       20:04:46 |         0.44 |         0.51 |       0.0947 |       0.1293 |      1.0000e-04 |
|      27 |       11400 |       20:10:04 |         0.45 |         0.52 |       0.1023 |       0.1331 |      1.0000e-04 |
|      27 |       11450 |       20:15:22 |         0.49 |         0.51 |       0.1195 |       0.1309 |      1.0000e-04 |
|      27 |       11500 |       20:20:41 |         0.51 |         0.50 |       0.1277 |       0.1242 |      1.0000e-04 |
|      27 |       11550 |       20:25:57 |         0.49 |         0.51 |       0.1200 |       0.1279 |      1.0000e-04 |
|      27 |       11600 |       20:31:15 |         0.52 |         0.50 |       0.1345 |       0.1248 |      1.0000e-04 |
|      27 |       11650 |       20:36:33 |         0.50 |         0.50 |       0.1263 |       0.1263 |      1.0000e-04 |
|      27 |       11700 |       20:41:50 |         0.48 |         0.50 |       0.1152 |       0.1270 |      1.0000e-04 |
|      28 |       11750 |       20:47:07 |         0.47 |         0.50 |       0.1090 |       0.1263 |      1.0000e-04 |
|      28 |       11800 |       20:52:23 |         0.47 |         0.50 |       0.1088 |       0.1259 |      1.0000e-04 |
|      28 |       11850 |       20:57:42 |         0.40 |         0.50 |       0.0813 |       0.1267 |      1.0000e-04 |
|      28 |       11900 |       21:02:58 |         0.44 |         0.50 |       0.0977 |       0.1252 |      1.0000e-04 |
|      28 |       11950 |       21:08:15 |         0.47 |         0.50 |       0.1111 |       0.1245 |      1.0000e-04 |
|      28 |       12000 |       21:13:33 |         0.53 |         0.50 |       0.1405 |       0.1252 |      1.0000e-04 |
|      28 |       12050 |       21:18:50 |         0.50 |         0.50 |       0.1266 |       0.1264 |      1.0000e-04 |
|      28 |       12100 |       21:24:07 |         0.50 |         0.51 |       0.1269 |       0.1299 |      1.0000e-04 |
|      28 |       12150 |       21:29:21 |         0.42 |         0.50 |       0.0900 |       0.1270 |      1.0000e-04 |
|      29 |       12200 |       21:34:41 |         0.51 |         0.49 |       0.1306 |       0.1224 |      1.0000e-04 |
|      29 |       12250 |       21:40:00 |         0.49 |         0.49 |       0.1208 |       0.1218 |      1.0000e-04 |
|      29 |       12300 |       21:45:17 |         0.49 |         0.49 |       0.1177 |       0.1215 |      1.0000e-04 |
|      29 |       12350 |       21:50:34 |         0.49 |         0.50 |       0.1199 |       0.1226 |      1.0000e-04 |
|      29 |       12400 |       21:55:51 |         0.47 |         0.50 |       0.1092 |       0.1239 |      1.0000e-04 |
|      29 |       12450 |       22:01:12 |         0.54 |         0.49 |       0.1433 |       0.1216 |      1.0000e-04 |
|      29 |       12500 |       22:06:30 |         0.57 |         0.50 |       0.1603 |       0.1249 |      1.0000e-04 |
|      29 |       12550 |       22:11:48 |         0.45 |         0.50 |       0.1035 |       0.1234 |      1.0000e-04 |
|      29 |       12600 |       22:17:06 |         0.48 |         0.49 |       0.1165 |       0.1206 |      1.0000e-04 |
|      30 |       12650 |       22:22:27 |         0.41 |         0.49 |       0.0832 |       0.1208 |      1.0000e-04 |
|      30 |       12700 |       22:27:43 |         0.49 |         0.50 |       0.1196 |       0.1230 |      1.0000e-04 |
|      30 |       12750 |       22:32:58 |         0.48 |         0.49 |       0.1154 |       0.1200 |      1.0000e-04 |
|      30 |       12800 |       22:38:10 |         0.51 |         0.49 |       0.1276 |       0.1181 |      1.0000e-04 |
|      30 |       12850 |       22:43:27 |         0.52 |         0.49 |       0.1345 |       0.1207 |      1.0000e-04 |
|      30 |       12900 |       22:48:40 |         0.49 |         0.49 |       0.1193 |       0.1216 |      1.0000e-04 |
|      30 |       12950 |       22:53:59 |         0.49 |         0.49 |       0.1180 |       0.1180 |      1.0000e-04 |
|      30 |       13000 |       22:59:17 |         0.49 |         0.50 |       0.1218 |       0.1252 |      1.0000e-04 |
|      30 |       13050 |       23:04:33 |         0.44 |         0.49 |       0.0946 |       0.1182 |      1.0000e-04 |
|======================================================================================================================|
