|======================================================================================================================|
|  Epoch  |  Iteration  |  Time Elapsed  |  Mini-batch  |  Validation  |  Mini-batch  |  Validation  |  Base Learning  |
|         |             |   (hh:mm:ss)   |     RMSE     |     RMSE     |     Loss     |     Loss     |      Rate       |
|======================================================================================================================|
|       1 |           1 |       00:03:28 |        13.22 |         8.67 |      87.4123 |      37.5835 |          0.0010 |
|       1 |          50 |       00:10:06 |         1.13 |         1.11 |       0.6397 |       0.6185 |          0.0010 |
|       1 |         100 |       00:16:39 |         0.97 |         1.11 |       0.4697 |       0.6140 |          0.0010 |
|       1 |         150 |       00:23:16 |         0.95 |         1.05 |       0.4493 |       0.5525 |          0.0010 |
|       1 |         200 |       00:29:53 |         0.95 |         0.95 |       0.4512 |       0.4474 |          0.0010 |
|       1 |         250 |       00:36:25 |         0.83 |         1.01 |       0.3485 |       0.5126 |          0.0010 |
|       1 |         300 |       00:42:59 |         0.76 |         0.96 |       0.2901 |       0.4617 |          0.0010 |
|       1 |         350 |       00:49:27 |         0.84 |         0.89 |       0.3509 |       0.3931 |          0.0010 |
|       1 |         400 |       00:55:57 |         0.73 |         0.86 |       0.2659 |       0.3723 |          0.0010 |
|       2 |         450 |       01:02:27 |         0.84 |         0.84 |       0.3529 |       0.3490 |          0.0010 |
|       2 |         500 |       01:08:59 |         0.82 |         0.81 |       0.3382 |       0.3295 |          0.0010 |
|       2 |         550 |       01:15:31 |         0.79 |         0.82 |       0.3116 |       0.3399 |          0.0010 |
|       2 |         600 |       01:22:01 |         0.83 |         0.87 |       0.3479 |       0.3825 |          0.0010 |
|       2 |         650 |       01:28:29 |         0.63 |         0.77 |       0.2014 |       0.2993 |          0.0010 |
|       2 |         700 |       01:35:01 |         0.73 |         0.94 |       0.2664 |       0.4401 |          0.0010 |
|       2 |         750 |       01:41:28 |         0.79 |         0.79 |       0.3100 |       0.3142 |          0.0010 |
|       2 |         800 |       01:47:57 |         0.72 |         0.83 |       0.2588 |       0.3417 |          0.0010 |
|       2 |         850 |       01:54:26 |         0.68 |         0.79 |       0.2291 |       0.3120 |          0.0010 |
|       3 |         900 |       02:00:54 |         0.69 |         0.73 |       0.2355 |       0.2643 |          0.0010 |
|       3 |         950 |       02:07:21 |         0.66 |         0.78 |       0.2170 |       0.3004 |          0.0010 |
|       3 |        1000 |       02:13:51 |         0.72 |         0.76 |       0.2589 |       0.2877 |          0.0010 |
|       3 |        1050 |       02:20:21 |         0.64 |         0.76 |       0.2024 |       0.2913 |          0.0010 |
|       3 |        1100 |       02:26:43 |         0.76 |         0.69 |       0.2901 |       0.2400 |          0.0010 |
|       3 |        1150 |       02:33:05 |         0.59 |         0.88 |       0.1760 |       0.3847 |          0.0010 |
|       3 |        1200 |       02:39:28 |         0.59 |         0.71 |       0.1755 |       0.2550 |          0.0010 |
|       3 |        1250 |       02:45:53 |         0.61 |         0.68 |       0.1853 |       0.2288 |          0.0010 |
|       3 |        1300 |       02:52:16 |         0.65 |         0.69 |       0.2100 |       0.2405 |          0.0010 |
|       4 |        1350 |       02:58:44 |         0.68 |         0.70 |       0.2330 |       0.2450 |          0.0010 |
|       4 |        1400 |       03:05:13 |         0.68 |         0.70 |       0.2338 |       0.2430 |          0.0010 |
|       4 |        1450 |       03:11:40 |         0.58 |         0.72 |       0.1674 |       0.2560 |          0.0010 |
|       4 |        1500 |       03:18:11 |         0.69 |         0.69 |       0.2378 |       0.2408 |          0.0010 |
|       4 |        1550 |       03:24:40 |         0.57 |         0.69 |       0.1631 |       0.2387 |          0.0010 |
|       4 |        1600 |       03:31:10 |         0.67 |         0.72 |       0.2267 |       0.2604 |          0.0010 |
|       4 |        1650 |       03:37:39 |         0.59 |         0.65 |       0.1741 |       0.2142 |          0.0010 |
|       4 |        1700 |       03:44:08 |         0.59 |         0.74 |       0.1741 |       0.2705 |          0.0010 |
|       5 |        1750 |       03:50:29 |         0.65 |         0.68 |       0.2141 |       0.2345 |          0.0010 |
|       5 |        1800 |       03:56:51 |         0.50 |         0.64 |       0.1240 |       0.2041 |          0.0010 |
|       5 |        1850 |       04:03:13 |         0.50 |         0.68 |       0.1259 |       0.2304 |          0.0010 |
|       5 |        1900 |       04:09:35 |         0.57 |         0.63 |       0.1613 |       0.1971 |          0.0010 |
|       5 |        1950 |       04:15:54 |         0.69 |         0.67 |       0.2403 |       0.2238 |          0.0010 |
|       5 |        2000 |       04:22:15 |         0.60 |         0.76 |       0.1785 |       0.2858 |          0.0010 |
|       5 |        2050 |       04:28:39 |         0.65 |         0.70 |       0.2125 |       0.2450 |          0.0010 |
|       5 |        2100 |       04:35:01 |         0.68 |         0.69 |       0.2345 |       0.2348 |          0.0010 |
|       5 |        2150 |       04:41:20 |         0.67 |         0.61 |       0.2227 |       0.1844 |          0.0010 |
|       6 |        2200 |       04:47:51 |         0.44 |         0.60 |       0.0984 |       0.1805 |          0.0010 |
|       6 |        2250 |       04:54:25 |         0.56 |         0.74 |       0.1562 |       0.2714 |          0.0010 |
|       6 |        2300 |       05:00:55 |         0.82 |         0.63 |       0.3375 |       0.1962 |          0.0010 |
|       6 |        2350 |       05:07:23 |         0.51 |         0.58 |       0.1323 |       0.1705 |          0.0010 |
|       6 |        2400 |       05:13:55 |         0.57 |         0.71 |       0.1621 |       0.2485 |          0.0010 |
|       6 |        2450 |       05:20:28 |         0.57 |         0.61 |       0.1607 |       0.1878 |          0.0010 |
|       6 |        2500 |       05:27:00 |         0.61 |         0.63 |       0.1864 |       0.2006 |          0.0010 |
|       6 |        2550 |       05:33:31 |         0.57 |         0.61 |       0.1638 |       0.1834 |          0.0010 |
|       6 |        2600 |       05:40:01 |         0.52 |         0.56 |       0.1354 |       0.1553 |          0.0010 |
|       7 |        2650 |       05:46:24 |         0.50 |         0.60 |       0.1250 |       0.1811 |          0.0010 |
|       7 |        2700 |       05:52:43 |         0.58 |         0.66 |       0.1668 |       0.2202 |          0.0010 |
|       7 |        2750 |       05:59:06 |         0.77 |         0.61 |       0.2989 |       0.1877 |          0.0010 |
|       7 |        2800 |       06:05:26 |         1.15 |         1.23 |       0.6656 |       0.7525 |          0.0010 |
|       7 |        2850 |       06:11:46 |         1.06 |         1.18 |       0.5612 |       0.6910 |          0.0010 |
|       7 |        2900 |       06:18:04 |         1.00 |         1.12 |       0.4961 |       0.6272 |          0.0010 |
|       7 |        2950 |       06:24:23 |         0.98 |         1.16 |       0.4830 |       0.6671 |          0.0010 |
|       7 |        3000 |       06:30:47 |         1.00 |         1.04 |       0.4964 |       0.5455 |          0.0010 |
|       8 |        3050 |       06:37:13 |         1.06 |         1.00 |       0.5629 |       0.4983 |          0.0010 |
|       8 |        3100 |       06:43:42 |         0.84 |         1.00 |       0.3521 |       0.4997 |          0.0010 |
|       8 |        3150 |       06:50:10 |         0.96 |         0.93 |       0.4614 |       0.4367 |          0.0010 |
|       8 |        3200 |       06:56:42 |         0.76 |         0.89 |       0.2857 |       0.4002 |          0.0010 |
|       8 |        3250 |       07:03:11 |         0.93 |         0.96 |       0.4296 |       0.4609 |          0.0010 |
|       8 |        3300 |       07:09:39 |         0.71 |         0.87 |       0.2545 |       0.3788 |          0.0010 |
|       8 |        3350 |       07:16:10 |         1.05 |         0.87 |       0.5485 |       0.3745 |          0.0010 |
|       8 |        3400 |       07:22:37 |         0.97 |         0.88 |       0.4722 |       0.3845 |          0.0010 |
|       8 |        3450 |       07:29:06 |         0.66 |         0.82 |       0.2180 |       0.3377 |          0.0010 |
|       9 |        3500 |       07:35:37 |         0.82 |         0.90 |       0.3329 |       0.4071 |          0.0010 |
|       9 |        3550 |       07:42:09 |         0.70 |         0.85 |       0.2459 |       0.3590 |          0.0010 |
|       9 |        3600 |       07:48:37 |         0.71 |         0.89 |       0.2516 |       0.3930 |          0.0010 |
|       9 |        3650 |       07:55:07 |         0.67 |         0.84 |       0.2222 |       0.3536 |          0.0010 |
|       9 |        3700 |       08:01:38 |         0.84 |         0.81 |       0.3510 |       0.3263 |          0.0010 |
|       9 |        3750 |       08:08:09 |         0.99 |         0.83 |       0.4910 |       0.3438 |          0.0010 |
|       9 |        3800 |       08:14:38 |         0.68 |         0.83 |       0.2329 |       0.3434 |          0.0010 |
|       9 |        3850 |       08:21:08 |         0.67 |         0.89 |       0.2256 |       0.3990 |          0.0010 |
|       9 |        3900 |       08:27:36 |         0.73 |         0.78 |       0.2654 |       0.3040 |          0.0010 |
|      10 |        3950 |       08:34:05 |         0.60 |         0.77 |       0.1782 |       0.2983 |          0.0010 |
|      10 |        4000 |       08:40:31 |         0.71 |         0.82 |       0.2553 |       0.3386 |          0.0010 |
|      10 |        4050 |       08:46:56 |         0.63 |         0.79 |       0.1977 |       0.3150 |          0.0010 |
|      10 |        4100 |       08:53:22 |         0.73 |         0.77 |       0.2636 |       0.2992 |          0.0010 |
|      10 |        4150 |       08:59:48 |         0.72 |         0.74 |       0.2623 |       0.2760 |          0.0010 |
|      10 |        4200 |       09:06:16 |         0.61 |         0.74 |       0.1842 |       0.2761 |          0.0010 |
|      10 |        4250 |       09:12:43 |         0.83 |         0.73 |       0.3424 |       0.2692 |          0.0010 |
|      10 |        4300 |       09:19:09 |         0.67 |         0.76 |       0.2254 |       0.2901 |          0.0010 |
|      10 |        4350 |       09:25:33 |         0.75 |         0.76 |       0.2814 |       0.2856 |          0.0010 |
|      11 |        4400 |       09:34:48 |         0.96 |         0.76 |       0.4610 |       0.2861 |          0.0010 |
|      11 |        4450 |       09:41:19 |         0.61 |         0.77 |       0.1891 |       0.2937 |          0.0010 |
|      11 |        4500 |       09:47:48 |         0.52 |         0.70 |       0.1358 |       0.2460 |          0.0010 |
|      11 |        4550 |       09:54:14 |         0.62 |         0.68 |       0.1936 |       0.2311 |          0.0010 |
|      11 |        4600 |       10:00:43 |         0.62 |         0.67 |       0.1946 |       0.2252 |          0.0010 |
|      11 |        4650 |       10:07:08 |         0.62 |         0.78 |       0.1942 |       0.3067 |          0.0010 |
|      11 |        4700 |       10:13:35 |         0.73 |         0.73 |       0.2634 |       0.2644 |          0.0010 |
|      11 |        4750 |       10:20:04 |         0.63 |         0.78 |       0.1967 |       0.3028 |          0.0010 |
|      12 |        4800 |       10:26:31 |         0.63 |         0.72 |       0.2010 |       0.2606 |          0.0010 |
|      12 |        4850 |       10:33:00 |         0.59 |         0.71 |       0.1740 |       0.2555 |          0.0010 |
|      12 |        4900 |       10:39:27 |         0.71 |         0.66 |       0.2544 |       0.2208 |          0.0010 |
|      12 |        4950 |       10:45:52 |         0.68 |         0.74 |       0.2300 |       0.2774 |          0.0010 |
|      12 |        5000 |       10:52:20 |         0.60 |         0.70 |       0.1777 |       0.2441 |          0.0010 |
|      12 |        5050 |       10:58:42 |         0.67 |         0.70 |       0.2243 |       0.2434 |          0.0010 |
|      12 |        5100 |       11:05:11 |         0.56 |         0.64 |       0.1559 |       0.2031 |          0.0010 |
|      12 |        5150 |       11:11:36 |         0.61 |         0.75 |       0.1839 |       0.2785 |          0.0010 |
|      12 |        5200 |       11:18:05 |         0.60 |         0.68 |       0.1827 |       0.2304 |          0.0010 |
|      13 |        5250 |       11:24:29 |         0.70 |         0.71 |       0.2459 |       0.2532 |          0.0010 |
|      13 |        5300 |       11:31:00 |         0.54 |         0.64 |       0.1443 |       0.2058 |          0.0010 |
|      13 |        5350 |       11:37:24 |         0.69 |         0.63 |       0.2356 |       0.1965 |          0.0010 |
|      13 |        5400 |       11:43:47 |         0.70 |         0.69 |       0.2484 |       0.2347 |          0.0010 |
|      13 |        5450 |       11:50:12 |         0.58 |         0.72 |       0.1669 |       0.2606 |          0.0010 |
|      13 |        5500 |       11:56:38 |         0.55 |         0.66 |       0.1486 |       0.2182 |          0.0010 |
|      13 |        5550 |       12:03:04 |         0.55 |         0.61 |       0.1513 |       0.1860 |          0.0010 |
|      13 |        5600 |       12:09:30 |         0.65 |         0.67 |       0.2083 |       0.2247 |          0.0010 |
|      13 |        5650 |       12:15:55 |         0.57 |         0.62 |       0.1629 |       0.1901 |          0.0010 |
|      14 |        5700 |       12:22:21 |         0.57 |         0.65 |       0.1616 |       0.2137 |          0.0010 |
|      14 |        5750 |       12:28:49 |         0.52 |         0.60 |       0.1329 |       0.1812 |          0.0010 |
|      14 |        5800 |       12:35:12 |         0.58 |         0.74 |       0.1687 |       0.2760 |          0.0010 |
|      14 |        5850 |       12:41:35 |         0.61 |         0.63 |       0.1837 |       0.1965 |          0.0010 |
|      14 |        5900 |       12:47:55 |         0.53 |         0.70 |       0.1425 |       0.2438 |          0.0010 |
|      14 |        5950 |       12:54:20 |         0.75 |         0.71 |       0.2788 |       0.2533 |          0.0010 |
|      14 |        6000 |       13:00:42 |         0.59 |         0.81 |       0.1746 |       0.3246 |          0.0010 |
|      14 |        6050 |       13:07:12 |         0.53 |         0.58 |       0.1407 |       0.1687 |          0.0010 |
|      15 |        6100 |       13:13:47 |         0.57 |         0.59 |       0.1612 |       0.1744 |          0.0010 |
|      15 |        6150 |       13:20:12 |         0.52 |         0.61 |       0.1345 |       0.1862 |          0.0010 |
|      15 |        6200 |       13:26:34 |         0.56 |         0.60 |       0.1593 |       0.1799 |          0.0010 |
|      15 |        6250 |       13:33:02 |         0.52 |         0.61 |       0.1345 |       0.1866 |          0.0010 |
|      15 |        6300 |       13:39:24 |         0.51 |         0.64 |       0.1308 |       0.2032 |          0.0010 |
|      15 |        6350 |       13:45:48 |         0.66 |         0.67 |       0.2180 |       0.2227 |          0.0010 |
|      15 |        6400 |       13:52:30 |         0.60 |         0.70 |       0.1820 |       0.2475 |          0.0010 |
|      15 |        6450 |       13:59:18 |         0.69 |         0.64 |       0.2381 |       0.2062 |          0.0010 |
|      15 |        6500 |       14:06:09 |         0.49 |         0.62 |       0.1215 |       0.1895 |          0.0010 |
|      16 |        6550 |       14:13:00 |         0.51 |         0.59 |       0.1275 |       0.1744 |          0.0010 |
|      16 |        6600 |       14:19:37 |         0.52 |         0.71 |       0.1368 |       0.2510 |          0.0010 |
|      16 |        6650 |       14:26:09 |         0.56 |         0.62 |       0.1556 |       0.1945 |          0.0010 |
|      16 |        6700 |       14:32:34 |         0.54 |         0.69 |       0.1445 |       0.2364 |          0.0010 |
|      16 |        6750 |       14:39:02 |         0.56 |         0.62 |       0.1586 |       0.1905 |          0.0010 |
|      16 |        6800 |       14:45:32 |         0.53 |         0.66 |       0.1406 |       0.2158 |          0.0010 |
|      16 |        6850 |       14:51:55 |         0.54 |         0.55 |       0.1468 |       0.1490 |          0.0010 |
|      16 |        6900 |       14:58:19 |         0.64 |         0.67 |       0.2024 |       0.2270 |          0.0010 |
|      16 |        6950 |       15:04:48 |         0.51 |         0.59 |       0.1294 |       0.1745 |          0.0010 |
|      17 |        7000 |       15:11:15 |         0.55 |         0.57 |       0.1534 |       0.1651 |          0.0010 |
|      17 |        7050 |       15:17:38 |         0.52 |         0.59 |       0.1352 |       0.1734 |          0.0010 |
|      17 |        7100 |       15:24:06 |         0.47 |         0.59 |       0.1096 |       0.1754 |          0.0010 |
|      17 |        7150 |       15:30:35 |         0.54 |         0.60 |       0.1465 |       0.1802 |          0.0010 |
|      17 |        7200 |       15:36:59 |         1.29 |         1.40 |       0.8317 |       0.9776 |          0.0010 |
|      17 |        7250 |       15:43:22 |         1.00 |         1.13 |       0.4971 |       0.6346 |          0.0010 |
|      17 |        7300 |       15:49:48 |         1.11 |         1.11 |       0.6107 |       0.6108 |          0.0010 |
|      17 |        7350 |       15:56:20 |         0.96 |         1.11 |       0.4595 |       0.6138 |          0.0010 |
|      18 |        7400 |       16:02:41 |         0.92 |         1.14 |       0.4244 |       0.6522 |          0.0010 |
|      18 |        7450 |       16:09:00 |         0.96 |         1.05 |       0.4571 |       0.5518 |          0.0010 |
|      18 |        7500 |       16:15:22 |         0.88 |         1.03 |       0.3880 |       0.5316 |          0.0010 |
|      18 |        7550 |       16:21:41 |         0.84 |         0.99 |       0.3504 |       0.4909 |          0.0010 |
|      18 |        7600 |       16:28:02 |         0.78 |         0.98 |       0.3059 |       0.4785 |          0.0010 |
|      18 |        7650 |       16:34:22 |         1.02 |         0.95 |       0.5178 |       0.4488 |          0.0010 |
|      18 |        7700 |       16:40:42 |         0.96 |         0.93 |       0.4585 |       0.4371 |          0.0010 |
|      18 |        7750 |       16:47:02 |         0.96 |         0.90 |       0.4593 |       0.4079 |          0.0010 |
|      18 |        7800 |       16:53:23 |         0.75 |         0.89 |       0.2839 |       0.3974 |          0.0010 |
|      19 |        7850 |       16:59:53 |         0.72 |         0.87 |       0.2612 |       0.3772 |          0.0010 |
|      19 |        7900 |       17:06:22 |         0.75 |         0.88 |       0.2808 |       0.3851 |          0.0010 |
|      19 |        7950 |       17:12:44 |         1.02 |         0.87 |       0.5219 |       0.3801 |          0.0010 |
|      19 |        8000 |       17:19:06 |         0.76 |         0.82 |       0.2920 |       0.3380 |          0.0010 |
|      19 |        8050 |       17:25:30 |         0.92 |         0.81 |       0.4191 |       0.3284 |          0.0010 |
|      19 |        8100 |       17:31:54 |         0.89 |         0.85 |       0.3918 |       0.3608 |          0.0010 |
|      19 |        8150 |       17:38:18 |         0.72 |         0.80 |       0.2587 |       0.3233 |          0.0010 |
|      19 |        8200 |       17:44:38 |         0.78 |         0.79 |       0.3030 |       0.3138 |          0.0010 |
|      19 |        8250 |       17:51:01 |         0.96 |         0.81 |       0.4619 |       0.3258 |          0.0010 |
|      20 |        8300 |       17:57:22 |         0.85 |         0.83 |       0.3572 |       0.3452 |          0.0010 |
|      20 |        8350 |       18:03:46 |         0.66 |         0.80 |       0.2206 |       0.3161 |          0.0010 |
|      20 |        8400 |       18:10:13 |         0.62 |         0.78 |       0.1928 |       0.3042 |          0.0010 |
|      20 |        8450 |       18:16:39 |         0.65 |         0.78 |       0.2134 |       0.3053 |          0.0010 |
|      20 |        8500 |       18:23:00 |         0.59 |         0.76 |       0.1763 |       0.2924 |          0.0010 |
|      20 |        8550 |       18:29:20 |         0.61 |         0.80 |       0.1853 |       0.3239 |          0.0010 |
|      20 |        8600 |       18:35:42 |         0.62 |         0.76 |       0.1943 |       0.2894 |          0.0010 |
|      20 |        8650 |       18:42:05 |         0.78 |         0.74 |       0.3024 |       0.2730 |          0.0010 |
|      20 |        8700 |       18:48:26 |         0.56 |         0.78 |       0.1540 |       0.3039 |          0.0010 |
|      21 |        8750 |       18:54:47 |         0.70 |         0.80 |       0.2446 |       0.3165 |          0.0010 |
|      21 |        8800 |       19:01:07 |         0.60 |         0.74 |       0.1823 |       0.2736 |          0.0010 |
|      21 |        8850 |       19:07:26 |         0.63 |         0.78 |       0.1983 |       0.3059 |          0.0010 |
|      21 |        8900 |       19:13:46 |         0.56 |         0.72 |       0.1577 |       0.2573 |          0.0010 |
|      21 |        8950 |       19:20:05 |         0.61 |         0.72 |       0.1846 |       0.2587 |          0.0010 |
|      21 |        9000 |       19:26:25 |         0.61 |         0.73 |       0.1862 |       0.2692 |          0.0010 |
|      21 |        9050 |       19:32:43 |         0.66 |         0.69 |       0.2179 |       0.2385 |          0.0010 |
|      21 |        9100 |       19:39:01 |         0.88 |         0.72 |       0.3913 |       0.2565 |          0.0010 |
|      22 |        9150 |       19:45:22 |         0.53 |         0.76 |       0.1401 |       0.2898 |          0.0010 |
|      22 |        9200 |       19:51:44 |         0.62 |         0.71 |       0.1929 |       0.2542 |          0.0010 |
|      22 |        9250 |       19:58:05 |         0.67 |         0.68 |       0.2220 |       0.2340 |          0.0010 |
|      22 |        9300 |       20:04:28 |         0.68 |         0.70 |       0.2327 |       0.2427 |          0.0010 |
|      22 |        9350 |       20:10:51 |         0.54 |         0.69 |       0.1469 |       0.2383 |          0.0010 |
|      22 |        9400 |       20:17:13 |         0.61 |         0.71 |       0.1873 |       0.2507 |          0.0010 |
|      22 |        9450 |       20:23:36 |         0.58 |         0.70 |       0.1693 |       0.2440 |          0.0010 |
|      22 |        9500 |       20:30:02 |         0.57 |         0.71 |       0.1601 |       0.2519 |          0.0010 |
|      22 |        9550 |       20:36:25 |         0.54 |         0.68 |       0.1473 |       0.2326 |          0.0010 |
|      23 |        9600 |       20:42:47 |         0.49 |         0.65 |       0.1190 |       0.2096 |          0.0010 |
|      23 |        9650 |       20:49:08 |         0.52 |         0.65 |       0.1358 |       0.2135 |          0.0010 |
|      23 |        9700 |       20:55:28 |         0.49 |         0.65 |       0.1177 |       0.2119 |          0.0010 |
|      23 |        9750 |       21:01:46 |         0.71 |         0.67 |       0.2504 |       0.2273 |          0.0010 |
|      23 |        9800 |       21:08:04 |         0.55 |         0.66 |       0.1531 |       0.2154 |          0.0010 |
|      23 |        9850 |       21:14:24 |         0.61 |         0.63 |       0.1868 |       0.2008 |          0.0010 |
|      23 |        9900 |       21:20:45 |         0.55 |         0.65 |       0.1534 |       0.2084 |          0.0010 |
|      23 |        9950 |       21:27:10 |         0.54 |         0.66 |       0.1463 |       0.2201 |          0.0010 |
|      23 |       10000 |       21:33:30 |         0.72 |         0.66 |       0.2563 |       0.2151 |          0.0010 |
|      24 |       10050 |       21:39:54 |         0.54 |         0.65 |       0.1444 |       0.2096 |          0.0010 |
|      24 |       10100 |       21:46:16 |         0.54 |         0.68 |       0.1439 |       0.2297 |          0.0010 |
|      24 |       10150 |       21:52:39 |         0.58 |         0.63 |       0.1667 |       0.1988 |          0.0010 |
|      24 |       10200 |       21:59:02 |         0.54 |         0.63 |       0.1435 |       0.1999 |          0.0010 |
|      24 |       10250 |       22:05:24 |         0.54 |         0.64 |       0.1485 |       0.2079 |          0.0010 |
|      24 |       10300 |       22:11:50 |         0.52 |         0.63 |       0.1377 |       0.1961 |          0.0010 |
|      24 |       10350 |       22:18:15 |         0.48 |         0.65 |       0.1136 |       0.2085 |          0.0010 |
|      24 |       10400 |       22:24:37 |         0.50 |         0.64 |       0.1272 |       0.2052 |          0.0010 |
|      25 |       10450 |       22:30:58 |         0.55 |         0.66 |       0.1525 |       0.2200 |          0.0010 |
|      25 |       10500 |       22:37:15 |         0.50 |         0.65 |       0.1260 |       0.2106 |          0.0010 |
|      25 |       10550 |       22:43:36 |         0.53 |         0.63 |       0.1394 |       0.1957 |          0.0010 |
|      25 |       10600 |       22:49:54 |         0.52 |         0.64 |       0.1353 |       0.2039 |          0.0010 |
|      25 |       10650 |       22:56:16 |         0.56 |         0.61 |       0.1589 |       0.1845 |          0.0010 |
|      25 |       10700 |       23:02:38 |         0.81 |         0.61 |       0.3292 |       0.1843 |          0.0010 |
|      25 |       10750 |       23:08:57 |         0.76 |         0.63 |       0.2860 |       0.1972 |          0.0010 |
|      25 |       10800 |       23:15:18 |         0.55 |         0.61 |       0.1531 |       0.1876 |          0.0010 |
|      25 |       10850 |       23:21:36 |         0.53 |         0.64 |       0.1402 |       0.2038 |          0.0010 |
|      26 |       10900 |       23:27:59 |         0.54 |         0.63 |       0.1468 |       0.2006 |          0.0010 |
|      26 |       10950 |       23:34:20 |         0.53 |         0.66 |       0.1408 |       0.2177 |          0.0010 |
|      26 |       11000 |       23:40:42 |         0.53 |         0.60 |       0.1400 |       0.1778 |          0.0010 |
|      26 |       11050 |       23:47:05 |         0.57 |         0.62 |       0.1620 |       0.1946 |          0.0010 |
|      26 |       11100 |       23:53:29 |         0.73 |         0.63 |       0.2631 |       0.1979 |          0.0010 |
|      26 |       11150 |       23:59:55 |         0.85 |         0.62 |       0.3570 |       0.1911 |          0.0010 |
|      26 |       11200 |       24:06:17 |         0.49 |         0.61 |       0.1194 |       0.1838 |          0.0010 |
|      26 |       11250 |       24:12:39 |         0.52 |         0.62 |       0.1353 |       0.1936 |          0.0010 |
|      26 |       11300 |       24:19:02 |         0.55 |         0.62 |       0.1538 |       0.1895 |          0.0010 |
|      27 |       11350 |       24:25:28 |         0.51 |         0.63 |       0.1280 |       0.2002 |          0.0010 |
|      27 |       11400 |       24:31:50 |         0.48 |         0.61 |       0.1129 |       0.1861 |          0.0010 |
|      27 |       11450 |       24:38:13 |         0.57 |         0.59 |       0.1639 |       0.1753 |          0.0010 |
|      27 |       11500 |       24:44:35 |         0.79 |         0.62 |       0.3115 |       0.1909 |          0.0010 |
|      27 |       11550 |       24:51:05 |         0.58 |         0.63 |       0.1711 |       0.1995 |          0.0010 |
|      27 |       11600 |       24:57:27 |         0.55 |         0.60 |       0.1539 |       0.1823 |          0.0010 |
|      27 |       11650 |       25:03:50 |         0.52 |         0.62 |       0.1374 |       0.1925 |          0.0010 |
|      27 |       11700 |       25:10:15 |         0.46 |         0.58 |       0.1075 |       0.1676 |          0.0010 |
|      28 |       11750 |       25:16:37 |         0.46 |         0.58 |       0.1072 |       0.1701 |          0.0010 |
|      28 |       11800 |       25:23:03 |         0.58 |         0.59 |       0.1681 |       0.1727 |          0.0010 |
|      28 |       11850 |       25:29:29 |         0.50 |         0.60 |       0.1243 |       0.1796 |          0.0010 |
|      28 |       11900 |       25:35:56 |         0.47 |         0.57 |       0.1114 |       0.1606 |          0.0010 |
|      28 |       11950 |       25:42:18 |         0.58 |         0.60 |       0.1672 |       0.1829 |          0.0010 |
|      28 |       12000 |       25:48:44 |         0.50 |         0.64 |       0.1256 |       0.2050 |          0.0010 |
|      28 |       12050 |       25:55:10 |         0.45 |         0.60 |       0.1024 |       0.1777 |          0.0010 |
|      28 |       12100 |       26:01:35 |         0.67 |         0.58 |       0.2275 |       0.1689 |          0.0010 |
|      28 |       12150 |       26:07:58 |         0.53 |         0.62 |       0.1424 |       0.1934 |          0.0010 |
|      29 |       12200 |       26:14:23 |         0.62 |         0.59 |       0.1902 |       0.1717 |          0.0010 |
|      29 |       12250 |       26:20:46 |         0.55 |         0.64 |       0.1517 |       0.2070 |          0.0010 |
|      29 |       12300 |       26:27:10 |         0.55 |         0.59 |       0.1527 |       0.1733 |          0.0010 |
|      29 |       12350 |       26:33:28 |         0.51 |         0.66 |       0.1281 |       0.2203 |          0.0010 |
|      29 |       12400 |       26:39:53 |         0.50 |         0.56 |       0.1272 |       0.1559 |          0.0010 |
|      29 |       12450 |       26:46:14 |         0.48 |         0.57 |       0.1146 |       0.1641 |          0.0010 |
|      29 |       12500 |       26:52:35 |         0.51 |         0.60 |       0.1319 |       0.1782 |          0.0010 |
|      29 |       12550 |       26:59:01 |         0.50 |         0.59 |       0.1274 |       0.1717 |          0.0010 |
|      29 |       12600 |       27:05:26 |         0.76 |         0.64 |       0.2866 |       0.2052 |          0.0010 |
|      30 |       12650 |       27:11:49 |         0.47 |         0.59 |       0.1118 |       0.1763 |          0.0010 |
|      30 |       12700 |       27:18:09 |         0.52 |         0.63 |       0.1363 |       0.1992 |          0.0010 |
|      30 |       12750 |       27:24:34 |         0.55 |         0.58 |       0.1525 |       0.1670 |          0.0010 |
|      30 |       12800 |       27:30:54 |         0.50 |         0.64 |       0.1253 |       0.2027 |          0.0010 |
|      30 |       12850 |       27:37:15 |         0.52 |         0.58 |       0.1341 |       0.1709 |          0.0010 |
|      30 |       12900 |       27:43:39 |         0.53 |         0.57 |       0.1391 |       0.1631 |          0.0010 |
|      30 |       12950 |       27:50:01 |         0.56 |         0.58 |       0.1545 |       0.1693 |          0.0010 |
|      30 |       13000 |       27:56:21 |         0.50 |         0.63 |       0.1262 |       0.2009 |          0.0010 |
|      30 |       13050 |       28:02:43 |         0.60 |         0.61 |       0.1782 |       0.1840 |          0.0010 |
|======================================================================================================================|
